[
	{
		"A": 0.965000,
		"C": 0.015000,
		"G": 0.005000,
		"T": 0.015000
	},
	{
		"A": 0.030000,
		"C": 0.950000,
		"G": 0.010000,
		"T": 0.010000
	},
	{
		"A": 0.010000,
		"C": 0.010000,
		"G": 0.015000,
		"T": 0.965000
	},
	{
		"A": 0.985000,
		"C": 0.000000,
		"G": 0.015000,
		"T": 0.000000
	},
	{
		"A": 0.000000,
		"C": 0.010000,
		"G": 0.015000,
		"T": 0.975000
	},
	{
		"A": 0.965000,
		"C": 0.005000,
		"G": 0.020000,
		"T": 0.010000
	},
	{
		"A": 0.955000,
		"C": 0.010000,
		"G": 0.015000,
		"T": 0.020000
	},
	{
		"A": 0.980000,
		"C": 0.010000,
		"G": 0.010000,
		"T": 0.000000
	},
	{
		"A": 0.020000,
		"C": 0.000000,
		"G": 0.970000,
		"T": 0.010000
	},
	{
		"A": 0.975000,
		"C": 0.000000,
		"G": 0.005000,
		"T": 0.020000
	},
	{
		"A": 0.955000,
		"C": 0.010000,
		"G": 0.010000,
		"T": 0.025000
	},
	{
		"A": 0.030000,
		"C": 0.960000,
		"G": 0.000000,
		"T": 0.010000
	},
	{
		"A": 0.010000,
		"C": 0.005000,
		"G": 0.005000,
		"T": 0.980000
	},
	{
		"A": 0.980000,
		"C": 0.000000,
		"G": 0.015000,
		"T": 0.005000
	},
	{
		"A": 0.015000,
		"C": 0.010000,
		"G": 0.010000,
		"T": 0.965000
	},
	{
		"A": 0.975000,
		"C": 0.020000,
		"G": 0.000000,
		"T": 0.005000
	},
	{
		"A": 0.975000,
		"C": 0.005000,
		"G": 0.015000,
		"T": 0.005000
	},
	{
		"A": 0.970000,
		"C": 0.015000,
		"G": 0.015000,
		"T": 0.000000
	},
	{
		"A": 0.005000,
		"C": 0.010000,
		"G": 0.965000,
		"T": 0.020000
	},
	{
		"A": 0.975000,
		"C": 0.005000,
		"G": 0.015000,
		"T": 0.005000
	},
	{
		"A": 0.965000,
		"C": 0.010000,
		"G": 0.005000,
		"T": 0.020000
	},
	{
		"A": 0.010000,
		"C": 0.970000,
		"G": 0.010000,
		"T": 0.010000
	},
	{
		"A": 0.015000,
		"C": 0.010000,
		"G": 0.020000,
		"T": 0.955000
	},
	{
		"A": 0.970000,
		"C": 0.005000,
		"G": 0.020000,
		"T": 0.005000
	},
	{
		"A": 0.005000,
		"C": 0.030000,
		"G": 0.010000,
		"T": 0.955000
	},
	{
		"A": 0.975000,
		"C": 0.010000,
		"G": 0.005000,
		"T": 0.010000
	},
	{
		"A": 0.965000,
		"C": 0.020000,
		"G": 0.005000,
		"T": 0.010000
	},
	{
		"A": 0.980000,
		"C": 0.005000,
		"G": 0.005000,
		"T": 0.010000
	},
	{
		"A": 0.005000,
		"C": 0.010000,
		"G": 0.980000,
		"T": 0.005000
	},
	{
		"A": 0.965000,
		"C": 0.010000,
		"G": 0.010000,
		"T": 0.015000
	}
]
